ÂØÜÈí• 0	00000000 00000000 00000000 00000000 00000000 00000000 00000000 00000000 
ÂØÜÈí• 1	00000000 00000000 00000000 00000000 00000000 00000000 00000000 00000000 
ÂØÜÈí• 2	00000000 00000000 00000000 00000000 00000000 00000000 00000000 00000000 
ÂØÜÈí• 3	00000000 00000000 00000000 00000000 00000000 00000000 00000000 00000000 
ÂØÜÈí• 4	00000000 00000000 00000000 00000000 00000000 00000000 00000000 00000000 
ÂØÜÈí• 5	00000000 00000000 00000000 00000000 00000000 00000000 00000000 00000000 
ÂØÜÈí• 6	00000000 00000000 00000000 00000000 00000000 00000000 00000000 00000000 
ÂØÜÈí• 7	00000000 00000000 00000000 00000000 00000000 00000000 00000000 00000000 
ÂØÜÈí• 8	00000000 00000000 00000000 00000000 00000000 00000000 00000000 00000000 
ÂØÜÈí• 9	00000000 00000000 00000000 00000000 00000000 00000000 00000000 00000000 
ÂØÜÈí• 10	00000000 00000000 00000000 00000000 00000000 00000000 00000000 00000000 
ÂØÜÈí• 11	00000000 00000000 00000000 00000000 00000000 00000000 00000000 00000000 
ÂØÜÈí• 12	00000000 00000000 00000000 00000000 00000000 00000000 00000000 00000000 
ÂØÜÈí• 13	00000000 00000000 00000000 00000000 00000000 00000000 00000000 00000000 
ÂØÜÈí• 14	00000000 00000000 00000000 00000000 00000000 00000000 00000000 00000000 
ÂØÜÈí• 15	00000000 00000000 00000000 00000000 00000000 00000000 00000000 00000000 


ÂàùÂßãÁΩÆÊç¢
00000000 11111111 00000000 00000000 00000000 11111111 00000000 00000000 
E ÊãìÂ±ï
00000000 11111111 00000000 00000000 
00000000 00010111 11111110 10000000 00000000 00000000 
Á¨¨ 0 Ê¨°Ëø≠‰ª£
00000000 11111111 00000000 00000000 01011100 01101011 11011010 00101000 
E ÊãìÂ±ï
01011100 01101011 11011010 00101000 
00101111 10000011 01010111 11101111 01000001 01010000 
Á¨¨ 1 Ê¨°Ëø≠‰ª£
01011100 01101011 11011010 00101000 00001010 11110000 01010110 01001101 
E ÊãìÂ±ï
00001010 11110000 01010110 01001101 
10000101 01010111 10100000 00101010 11000010 01011010 
Á¨¨ 2 Ê¨°Ëø≠‰ª£
00001010 11110000 01010110 01001101 01001101 10111011 00011001 11100010 
E ÊãìÂ±ï
01001101 10111011 00011001 11100010 
00100101 10111101 11110110 10001111 00111111 00000100 
Á¨¨ 3 Ê¨°Ëø≠‰ª£
01001101 10111011 00011001 11100010 00010101 00011000 10000100 00000000 
E ÊãìÂ±ï
00010101 00011000 10000100 00000000 
00001010 10101000 11110001 01000000 10000000 00000000 
Á¨¨ 4 Ê¨°Ëø≠‰ª£
00010101 00011000 10000100 00000000 11010100 10101011 10110000 10010110 
E ÊãìÂ±ï
11010100 10101011 10110000 10010110 
01101010 10010101 01010111 11011010 00010100 10101101 
Á¨¨ 5 Ê¨°Ëø≠‰ª£
11010100 10101011 10110000 10010110 01111001 10001101 11010100 01001011 
E ÊãìÂ±ï
01111001 10001101 11010100 01001011 
10111111 00111100 01011011 11101010 10000010 01010110 
Á¨¨ 6 Ê¨°Ëø≠‰ª£
01111001 10001101 11010100 01001011 10111100 11011000 00110010 01100100 
E ÊãìÂ±ï
10111100 11011000 00110010 01100100 
01011111 10010110 11110000 00011010 01000011 00001001 
Á¨¨ 7 Ê¨°Ëø≠‰ª£
10111100 11011000 00110010 01100100 11000101 01101111 11100111 00000100 
E ÊãìÂ±ï
11000101 01101111 11100111 00000100 
01100000 10101011 01011111 11110000 11101000 00001001 
Á¨¨ 8 Ê¨°Ëø≠‰ª£
11000101 01101111 11100111 00000100 01100110 11010010 11110011 00100110 
E ÊãìÂ±ï
01100110 11010010 11110011 00100110 
00110000 11010110 10100101 01111010 01101001 00001100 
Á¨¨ 9 Ê¨°Ëø≠‰ª£
01100110 11010010 11110011 00100110 11101110 11100100 11001001 00001111 
E ÊãìÂ±ï
11101110 11100100 11001001 00001111 
11110101 11010111 00001001 01100101 00101000 01011111 
Á¨¨ 10 Ê¨°Ëø≠‰ª£
11101110 11100100 11001001 00001111 00010110 10001000 00000101 10101010 
E ÊãìÂ±ï
00010110 10001000 00000101 10101010 
00001010 11010100 01010000 00000000 10111101 01010100 
Á¨¨ 11 Ê¨°Ëø≠‰ª£
00010110 10001000 00000101 10101010 01111110 11100110 01000001 10010011 
E ÊãìÂ±ï
01111110 11100110 01000001 10010011 
10111111 11010111 00001100 00100000 00111100 10100110 
Á¨¨ 12 Ê¨°Ëø≠‰ª£
01111110 11100110 01000001 10010011 11100100 10110100 10101011 01110101 
E ÊãìÂ±ï
11100100 10110100 10101011 01110101 
11110000 10010101 10101001 01010101 01101011 10101011 
Á¨¨ 13 Ê¨°Ëø≠‰ª£
11100100 10110100 10101011 01110101 00010011 10111001 10000101 01001100 
E ÊãìÂ±ï
00010011 10111001 10000101 01001100 
00001010 01111101 11110011 11000000 10101010 01011000 
Á¨¨ 14 Ê¨°Ëø≠‰ª£
00010011 10111001 10000101 01001100 11000011 10010000 01110011 11010001 
E ÊãìÂ±ï
11000011 10010000 01110011 11010001 
11100000 01111100 10100000 00111010 01111110 10100011 
Á¨¨ 15 Ê¨°Ëø≠‰ª£
11000011 10010000 01110011 11010001 01000101 11101101 11001111 10010110 

ÂàùÂßãÁΩÆÊç¢
00000000 00000000 00000000 00000000 00000000 00000000 11111111 00000000 
E ÊãìÂ±ï
00000000 00000000 11111111 00000000 
00000000 00000000 00000001 01111111 11101000 00000000 
Á¨¨ 0 Ê¨°Ëø≠‰ª£
00000000 00000000 11111111 00000000 11001010 10101100 11011011 11111100 
E ÊãìÂ±ï
11001010 10101100 11011011 11111100 
01100101 01010101 01011001 01101111 01111111 11111001 
Á¨¨ 1 Ê¨°Ëø≠‰ª£
11001010 10101100 11011011 11111100 10100101 10110011 10010111 00001011 
E ÊãìÂ±ï
10100101 10110011 10010111 00001011 
11010000 10111101 10100111 11001010 11101000 01010111 
Á¨¨ 2 Ê¨°Ëø≠‰ª£
10100101 10110011 10010111 00001011 10100011 01011111 11100110 11111110 
E ÊãìÂ±ï
10100011 01011111 11100110 11111110 
01010000 01101010 11111111 11110000 11010111 11111101 
Á¨¨ 3 Ê¨°Ëø≠‰ª£
10100011 01011111 11100110 11111110 11110001 11101001 00100000 01111011 
E ÊãìÂ±ï
11110001 11101001 00100000 01111011 
11111010 00111111 01010010 10010000 00000011 11110111 
Á¨¨ 4 Ê¨°Ëø≠‰ª£
11110001 11101001 00100000 01111011 10010011 00010111 11100010 11110011 
E ÊãìÂ±ï
10010011 00010111 11100010 11110011 
11001010 01101000 10101111 11110000 01010111 10100111 
Á¨¨ 5 Ê¨°Ëø≠‰ª£
10010011 00010111 11100010 11110011 10110011 01100010 11101000 00010111 
E ÊãìÂ±ï
10110011 01100010 11101000 00010111 
11011010 01101011 00000101 01110101 00000000 10101111 
Á¨¨ 6 Ê¨°Ëø≠‰ª£
10110011 01100010 11101000 00010111 01011100 01011111 00101100 10010100 
E ÊãìÂ±ï
01011100 01011111 00101100 10010100 
00101111 10000010 11111110 10010101 10010100 10101000 
Á¨¨ 7 Ê¨°Ëø≠‰ª£
01011100 01011111 00101100 10010100 10111010 01111111 10110010 00010110 
E ÊãìÂ±ï
10111010 01111111 10110010 00010110 
01011111 01000011 11111111 11011010 01000000 10101101 
Á¨¨ 8 Ê¨°Ëø≠‰ª£
10111010 01111111 10110010 00010110 01100110 10110011 00011011 11001011 
E ÊãìÂ±ï
01100110 10110011 00011011 11001011 
10110000 11010101 10100110 10001111 01111110 01010110 
Á¨¨ 9 Ê¨°Ëø≠‰ª£
01100110 10110011 00011011 11001011 10110111 01000100 10010100 00111011 
E ÊãìÂ±ï
10110111 01000100 10010100 00111011 
11011010 11101010 00001001 01001010 10000001 11110111 
Á¨¨ 10 Ê¨°Ëø≠‰ª£
10110111 01000100 10010100 00111011 01000100 11000111 11001100 11001001 
E ÊãìÂ±ï
01000100 11000111 11001100 11001001 
10100000 10010110 00001111 11100101 10010110 01010010 
Á¨¨ 11 Ê¨°Ëø≠‰ª£
01000100 11000111 11001100 11001001 01111010 10001100 01011001 10101101 
E ÊãìÂ±ï
01111010 10001100 01011001 10101101 
10111111 01010100 01011000 00101111 00111101 01011010 
Á¨¨ 12 Ê¨°Ëø≠‰ª£
01111010 10001100 01011001 10101101 10110100 10100011 00001110 00010111 
E ÊãìÂ±ï
10110100 10100011 00001110 00010111 
11011010 10010101 00000110 10000101 11000000 10101111 
Á¨¨ 13 Ê¨°Ëø≠‰ª£
10110100 10100011 00001110 00010111 10010001 11001101 10110110 00000110 
E ÊãìÂ±ï
10010001 11001101 10110110 00000110 
01001010 00111110 01011011 11011010 11000000 00001101 
Á¨¨ 14 Ê¨°Ëø≠‰ª£
10010001 11001101 10110110 00000110 10000000 01111101 00000101 01111011 
E ÊãìÂ±ï
10000000 01111101 00000101 01111011 
11000000 00000011 11111010 10000000 10101011 11110111 
Á¨¨ 15 Ê¨°Ëø≠‰ª£
10000000 01111101 00000101 01111011 11010011 00110001 01110001 00010000 
ÊòéÊñá: 00000000
64‰ΩçÂØÜÈí•: 
ÂØÜÊñáÁöÑ8‰ΩçÊúâÁ¨¶Âè∑Êï∞ÂΩ¢Âºè: -34 -115 85 20 43 24 -34 -73 126 66 40 34 119 54 102 -64 
ÂØÜÊñáÁöÑbase64ÁºñÁ†ÅÂêéÁöÑÂΩ¢Âºè: ﬁçU+ﬁ∑~B("w6f¿